0.0 1.0 2.0 3.0 4.0 5.0 6.0 7.0 8.0 9.0 10.0 11.0 12.0 13.0 14.0 15.0 16.0 17.0
1.0 1.41 2.24 3.16 4.12 5.1 6.08 7.07 8.06 9.06 10.05 11.05 12.04 13.04 14.04 15.03 16.03 17.03
2.0 2.24 2.83 3.61 4.47 5.39 6.32 7.28 8.25 9.22 10.2 11.18 12.17 13.15 14.14 15.13 16.12 17.12
3.0 3.16 3.61 4.24 5.0 5.83 6.71 7.62 8.54 9.49 10.44 11.4 12.37 13.34 14.32 15.3 16.28 17.26
4.0 4.12 4.47 5.0 5.66 6.4 7.21 8.06 8.94 9.85 10.77 11.7 12.65 13.6 14.56 15.52 16.49 17.46
5.0 5.1 5.39 5.83 6.4 7.07 7.81 8.6 9.43 10.3 11.18 12.08 13.0 13.93 14.87 15.81 16.76 17.72
6.0 6.08 6.32 6.71 7.21 7.81 8.49 9.22 10.0 10.82 11.66 12.53 13.42 14.32 15.23 16.16 17.09 18.03
7.0 7.07 7.28 7.62 8.06 8.6 9.22 9.9 10.63 11.4 12.21 13.04 13.89 14.76 15.65 16.55 17.46 18.38
8.0 8.06 8.25 8.54 8.94 9.43 10.0 10.63 11.31 12.04 12.81 13.6 14.42 15.26 16.12 17.0 17.89 18.79
9.0 9.06 9.22 9.49 9.85 10.3 10.82 11.4 12.04 12.73 13.45 14.21 15.0 15.81 16.64 17.49 18.36 19.24
10.0 10.05 10.2 10.44 10.77 11.18 11.66 12.21 12.81 13.45 14.14 14.87 15.62 16.4 17.2 18.03 18.87 19.72
11.0 11.05 11.18 11.4 11.7 12.08 12.53 13.04 13.6 14.21 14.87 15.56 16.28 17.03 17.8 18.6 19.42 20.25
