143 135 124 108 90 72 56 76 63 53 68 59 72 63 56 50 45 41
153 146 135 117 90 63 45 72 56 76 63 53 68 59 51 45 40 36
166 162 153 135 90 45 90 63 45 72 56 76 63 53 45 39 34 30
180 180 180 180 100 0 90 45 90 63 45 72 56 45 37 31 27 23
194 198 207 225 270 180 100 0 90 45 90 63 45 34 27 22 18 16
166 162 153 135 90 45 270 180 100 0 90 45 27 18 14 11 9 8
180 180 180 180 100 0 0 225 270 180 100 0 0 0 0 0 0 0
180 180 180 180 100 0 0 243 270 225 270 315 333 342 346 349 351 352
194 198 207 225 270 315 333 342 225 243 270 297 315 326 333 338 342 344
207 214 225 243 270 297 315 326 236 252 270 288 304 315 323 329 333 337
217 225 236 252 270 288 304 315 243 256 270 284 297 307 315 321 326 330
225 233 243 256 270 284 297 307 248 259 270 281 292 301 309 315 320 324
